Jarque-Bera: 4773.231410720044
 p-value:0.0
 Skewness:2.164540799156597
 Kurtosis:19.515268708018333
